1	1	1	1	1	1	1
0.147727272727273	1	0.922077922077922	0.577464788732394	1	1	1
0.996292863762743	1	0.998318621269441	0.999798782634941	1	1	1
0.9375	1	0.99264705882353	0.999583506872137	1	1	1
0.952380952380952	1	0.986059163549813	0.991866693116445	1	1	1
0.769230769230769	1	0.998910279694878	0.999600159936026	1	1	1
0.533333333333333	1	0.87719298245614	0.942622950819672	1	1	1
0.2	1	0.615160349854227	0.965553235908142	1	1	1
0.294484779590456	0.975122652539247	0.862294186503408	0.976331571206189	0.999999550918834	1	0.977369016524823
0.827853932166871	1	0.623985718922428	0.857103210089734	1	1	1
0.907990314769976	1	0.957207207207207	0.951776649746193	1	1	1
0.906288532675709	1	1	0.96585804132974	1	1	1
0.809745104506522	0.955255003366188	0.960441652347846	0.998878161859817	0.990661166289675	0.946720544380541	1
0.852701479022034	1	0.884851344974044	0.666438824333561	1	1	1
0.964225824482951	1	0.994417306350314	0.994565448138241	1	1	1
0.625	1	0.998984083982391	0.999964392959301	1	1	1
0.24904214559387	1	1	0.99866844207723	1	1	1
0.494877862289983	1	0.995846659757298	1	0.879860189014985	0.981569319967205	0.991516896492198
0.890092879256966	1	0.926879505664264	0.981539261570463	1	1	1
0.993350632500811	1	0.99798188619807	0.997855199832601	1	1	1
0.762897914379802	1	0.798225128444652	0.778688524590164	1	1	1
0.997824292895191	1	0.996211131434544	0.999621553197875	1	1	1
0.964348334307423	1	0.608974358974359	0.978678783642083	1	1	1
0.972565774679559	1	0.479744136460554	0.948566610455312	1	1	1
0.950943197428118	0.934730962604369	0.263152574798293	0.978075653649728	0.957464004763961	1	1
0.974512743628186	1	0.999403864361609	0.996693893426682	1	1	1
0.829111008751727	1	0.997145242519727	0.982680547126651	1	1	1
0.789473684210526	1	0.999700464280365	0.999950650183828	1	1	1
0.384615384615385	1	0.999866684442074	0.999973334044426	1	1	1
0.39145847628061	0.968804155572339	0.98491525931907	0.969992476218608	0.664526605282057	0.957634685406545	1
0.98314606741573	1	0.999650268127769	0.999688408807644	1	1	1
0.483870967741936	1	0.991649269311065	0.997188543314005	1	1	1
0.98343685300207	1	0.977653631284916	0.987606506584043	1	1	1
0.332446808510638	1	0.899973432518597	0.673035171515415	1	1	1
0.672743055555556	1	0.764669163545568	0.963136794758971	1	1	1
0.355805243445693	1	0.734157650695518	0.997927011521959	1	1	1
0.714285714285714	1	0.987841945288754	0.996292863762743	1	1	1
0.652173913043478	1	0.991600559962669	0.997947080291971	1	1	1
0.031141868512111	1	0.991119568664764	0.986994890849977	1	1	1
0.889121338912134	1	0.951398441082072	0.894632206759443	1	1	1
0.963342338286057	1	0.409489271683288	0.952617667741701	1	1	1
0.829117400479894	1	0.308331383103206	0.91792956465598	1	1	1
0.999737773698702	1	0.999859668818412	0.999944639743129	1	1	1
0.633140376266281	1	0.948564471948869	0.940049663001064	1	1	1
0.641796762762187	1	0.192137379846636	0.734864596625549	1	1	1
0.751698839376992	1	0.858251227299255	0.722494791316621	1	1	1
0.623149461153753	0.298032780954879	0.698390784446928	1	1	1	1
0.97254004576659	1	0.913978494623656	0.991501416430595	1	1	1
0.974025974025974	1	0.764705882352941	0.953307392996109	1	1	1
0.998334258745142	1	0.961538461538461	0.990466101694915	1	1	1
0.662872962165488	1	0.797823279837668	0.962070874861572	1	1	1
0.999273255813954	1	0.272727272727273	0.999638548773325	1	1	1
0.999888012542595	1	0.66079295154185	0.999168259934973	1	1	1
0.592417061611374	1	0.962172861227183	0.950814984272233	1	1	1
0.999512432959532	1	0.675675675675676	0.999444752915047	1	1	1
0.998793457503336	1	0.02815768302494	0.999664557004205	1	1	1
0.685282736856282	0.971829273235783	0.950838213752247	0.99045041083844	0.999456996251712	1	0.992252437605933
0.738636363636364	1	0.998578609096902	0.997474285295948	1	1	1
0.971370143149284	1	0.985844287158746	0.994318181818182	1	1	1
0.985780126826639	1	0.935298607374783	0.9923581770166	1	1	1
0.89394307954269	1	0.556685307574987	0.805877114870881	1	1	1
0.847457627118644	1	0.851239669421488	0.73134328358209	1	1	1
0.952380952380952	1	0.991735537190083	0.998185117967332	1	1	1
0.833333333333333	1	0.975903614457831	0.931034482758621	1	1	1
0.381861816061276	1	0.181953101810626	0.306300183744871	1	1	1
0.488721804511278	1	0.948012232415902	0.973724884080371	1	1	1
0.556918547595682	1	0.642506020916499	0.775028028069593	1	1	1
0.313390313390313	1	0.65123010130246	0.552460538532962	1	1	1
0.964529331514325	1	0.99425541316836	0.952813067150635	1	1	1
0.977747808496291	1	0.987466767945309	0.992249882573978	1	1	1
0.052677787532924	1	0.33078354351871	0.529984027878612	1	1	1
0.075075075075075	1	0.808457711442786	0.81789515175404	1	1	1
0.113530136731722	0.397964837328221	0.696240454223269	0.481638089274296	0.153771677137725	0.961214658802927	0.20412608566396
0.965466206216083	1	0.89807062249727	0.967143862942971	1	1	1
0.513369525008595	0.502632155372152	1	0.954725320442706	1	1	0.985531189284162
0.896599043133183	1	0.848069534890058	0.964130176068343	1	1	1
0.970149253731343	1	0.999766136576239	0.999815702174714	1	1	1
0.953955736453829	1	0.999900831753125	0.999929024645702	1	1	1
0.970149253731343	1	0.785123966942149	0.958795562599049	1	1	1
0.804878048780488	1	0.998731769181991	0.998841922408801	1	1	1
0.68762278978389	1	0.999285903556559	0.99724240795019	1	1	1
0.989981186390734	1	0.988123706908133	0.998553863670569	1	1	1
0.958904109589041	1	0.99721706864564	0.992063492063492	1	1	1
0.654677950164551	1	0.766880901372689	0.991691951825763	1	1	1
0.623860567995238	1	0.986745299677831	0.992871771199813	0.990235382263552	0.991332116028611	0.994115212773652
0.757783568783432	1	0.926312275723942	0.997242847953837	1	1	1
0.958466453674121	1	0.998445533899318	0.996858385693572	1	1	1
0.880281690140845	1	1	0.983284169124877	1	1	1
0.8427369512341	1	0.900502030828225	0.932815481057509	1	1	1
0.581395348837209	1	0.962732919254658	0.982318271119843	1	1	1
0.198218262806236	1	0.912408759124087	0.964250248262165	1	1	1
0.554221762318971	0.986349262318918	0.933723440823541	0.99667994687915	0.947084531236485	1	0.993713271972671
0.528455284552846	1	0.892193308550186	0.927318295739348	1	1	1
0.113122171945701	1	0.471698113207547	0.263157894736842	1	1	1
0.038150289017341	1	0.609756097560976	0.687453042824944	1	1	1
0.415282392026578	1	0.36231884057971	0.989285279435042	1	1	1
0.306209850107066	1	0.235849056603774	0.9922532517215	1	1	1
0.470588235294118	0.955930359085963	0.372662135379562	1	0.951641876566689	0.984737130577462	1
0.941951676286381	1	0.931934157119329	0.980862273145946	1	1	1
